780858812664193024
844956190710878208
728997047848833027
1392302598
810973519320326145
4287639563
567280654
710740497
4864423955
11348282
4864180769
1359534086
294826751
491294254
369013304
78010944
2608323168
498840131
4826838084
1994321
176617555
2237171800
2228632160
296137313
2255288930
2291337318
917313638
518874983
942947948
1330457336
2759261817
1051396218
4897576059
449588356
243711009
109556877
4862946455
434795678
265280673
713795089320054785
794824695434584064
227659945
1091916487
4921843571
272653513
426737337
2483822269
4864172231
737333614518620161
212185463
950147276
435227855
370039505
122969292
2990701269
1244602586
368328411
825100508
30352096
1931203302
700989649972568064
1339835893
597747437
2957972719
1631106800
440941304
256927530
475771647
247264516
590006534
2824642824
4859569931
1678054274
1328044303
219255067
521797410
467580202
14159148
493241646
217749896
1907178804
1053164346
178294081
2763154758
1632320839
1071353676
14224719
296977242
807597548
478179169
813286
2723325287
50393960
594944874
16942956
783214
456966512
136002930
3061672307
752684407
4827195774
189068159
2176639874
255030147
2939312517
804052407877595136
2649991
1282695048
4858225545
275558381
422168976
736815506
438678931
1270326164
3023090583
250231194
447976348
2236618992
2835390371
44335525
1449628584
253133738
471010707
1153896882
4864213943
175883705
791312864132890624
441109445
623574470
33933259
453153743
595880184
374468003
1937396192
195719143
18611180
172694509
3040934896
835939121835167747
594076667
